%YAML:1.0
---
image_width: 1280
image_height: 1024
camera_matrix: !!opencv-matrix
   rows: 3
   cols: 3
   dt: d
   data: [ 3083.8105952278529, 0., 632.75929313977156, 0.,
       3087.5127345486885, 506.7684422240867, 0., 0., 1. ]
distortion_coefficients: !!opencv-matrix
   rows: 1
   cols: 5
   dt: d
   data: [ -0.029972610213195684, 0.63682485437133696,
       -0.0018553896247422729, 0.0016855435129403762, -3.225176357376645 ]
